www.aa49.com 0.00864005088806 0.0649800300598 0.205080032349
www.abaa8.com 0.00726389884949 0.0841879844666 0.691483020782
www.acer.com 0.0078592300415 0.139302968979 2.27391791344
www.ad61.com 0.00903391838074 0.0285902023315 0.097690820694
www.addthis.com 0.0112988948822 0.0875291824341 1.65722489357
www.adobe.com 0.0100948810577 0.0234088897705 0.611470937729
www.adobetag.com 0.00782489776611 0.102984905243 0.730423927307
www.aec188.com 0.00818514823914 0.0416281223297 0.715240955353
www.aguo.com 0.00599598884583 0.0363500118256 0.671806097031
www.aibang.com 0.00632882118225 0.00699496269226 0.608837842941
www.aileba.com 0.006098985672 0.0363399982452 0.720579147339
www.ailewan.com 0.338855981827 0.0495369434357 0.746502161026
www.aipai.com 0.00902700424194 0.0228350162506 0.877836942673
www.aiqzhe.com 0.00675082206726 0.0491840839386 0.640505075455
www.aizhan.com 0.00739312171936 0.00898194313049 0.550462961197
www.alibaba.com 0.00628590583801 0.0408351421356 0.771337985992
www.alimama.com 0.007159948349 0.037994146347 0.610516786575
www.alipay.com 0.0100119113922 0.0445559024811 0.629513025284
www.alisoft.com 0.0103960037231 0.0403001308441 0.611770868301
www.am9955.com 0.0088849067688 0.0874819755554 0.758942127228
www.amap.com 0.00850987434387 0.00545310974121 0.547311067581
www.amazon.com 0.00839710235596 0.125897884369 0.796873092651
www.amh10.com 0.00852298736572 0.152730941772 0.812820911407
www.amh70.com 0.0112750530243 0.139429807663 0.320547103882
www.amxs520.com 0.0068359375 0.0844459533691 0.653247117996
www.ankangwang.com 0.00866293907166 0.00744390487671 0.655282974243
www.anychem.com 0.00208306312561 0.0214998722076 0.703924894333
www.anyhunter.com 0.000821113586426 0.0572199821472 0.129364013672
www.app61.com 0.00147104263306 0.0518200397491 0.139137029648
www.appchina.com 0.0017569065094 0.00875782966614 0.0678110122681
www.appems.com 0.000869035720825 0.0374910831451 0.0914959907532
www.appgame.com 0.00329685211182 0.00580906867981 1.88203692436
www.apple.com 0.00232696533203 0.0143849849701 0.0454480648041
www.aq188.com 0.00291514396667 0.0430660247803 0.156327962875
www.asklicai.com 0.00124716758728 0.00436997413635 0.0574290752411
www.at-express.com 0.000872850418091 0.0852310657501 1.49106192589
www.autohome.com 0.00101900100708 0.0400400161743 0.0853478908539
www.av12.com 0.00123810768127 0.0271060466766 0.0727961063385
www.awsxy.com 0.0014009475708 0.227449893951 2.02670812607
www.b99767.com 0.0011260509491 0.0429680347443 0.100136041641
www.babytree.com 0.00168991088867 0.00391817092896 0.629375934601
www.badiu.com 0.00152397155762 0.317718982697 7.16352891922
www.baicizhan.com 0.000933170318604 0.0351638793945 0.619510173798
www.baidao.com 0.00118398666382 0.0262839794159 0.0727100372314
www.baidu.com 0.00189018249512 0.00525498390198 0.540965080261
www.baifubao.com 0.00675392150879 0.00378203392029 0.570164203644
www.baike.com 0.00122904777527 0.00532698631287 0.0693280696869
www.baixing.com 0.00754594802856 0.00538301467896 0.6099588871
www.baofeng.com 0.007572889328 0.00638294219971 0.599267959595
www.bcc360.com 0.00796318054199 0.0545241832733 0.997264146805
www.beibei.com 0.0104069709778 0.0103099346161 0.578426122665
www.beibeizhe.com 0.00790905952454 0.0451710224152 0.921967983246
www.benlai.com 0.00697994232178 0.0107119083405 0.694417953491
www.bet798.com 0.00641107559204 0.0853471755981 0.699027061462
www.bettiyu.com 0.00829696655273 0.049289226532 1.63202309608
www.beva.com 0.00616383552551 0.00865507125854 0.557341814041
www.bg9888.com 0.00443506240845 0.173887968063 0.77450799942
www.bing.com 0.00772881507874 0.00520300865173 0.539961099625
www.bitauto.com 0.00781202316284 0.0102119445801 0.0516219139099
www.bjlxtech.com 0.00552606582642 0.0308711528778 0.590437173843
www.blancpain.com 0.0890898704529 0.0106639862061 0.566738128662
www.blnovel.com 0.0065701007843 0.25997209549 3.07594895363
www.blovestorm.com 0.00775790214539 0.0500531196594 0.643512010574
www.bmshow.com 0.00643491744995 0.0445840358734 0.629809141159
www.bobo.com 0.0081889629364 0.03297996521 0.593229055405
www.bookbao.com 0.00654721260071 0.0487558841705 1.61728000641
www.c1wan.com 0.00683617591858 0.00305581092834 0.67621088028
www.cailele.com 0.00653219223022 0.00410485267639 0.666723966599
www.camerabox360.com 0.00590515136719 0.0644979476929 0.659068107605
www.cankaoxiaoxi.com 0.00998401641846 0.00319194793701 0.843878984451
www.cathaypacific.com 0.00861811637878 4.02188277245 1.56559181213
www.cbcb172.com 0.0079448223114 0.343592882156 1.34286904335
www.cbw5.com 0.0102689266205 0.192239046097 1.43479299545
www.ccb.com 0.00688409805298 0.0447618961334 0.60596704483
www.ccc118.com 0.00746202468872 0.184791088104 3.72669696808
www.cctv.com 0.0124218463898 0.00706315040588 0.544115781784
www.ccyum.com 0.00994205474854 0.0348329544067 0.594540834427
www.cczlm.com 0.450037956238 5.27796316147 7.34520316124
www.chartboost.com 0.00837206840515 0.397130966187 1.23105096817
www.che300.com 0.00653290748596 0.0544419288635 0.961542844772
www.chevip.com 0.0066831111908 0.0674340724945 0.663228988647
www.chexun.com 0.0109131336212 0.00371694564819 0.591331958771
www.chinabaike.com 0.00627994537354 0.031270980835 0.603179931641
www.chinahr.com 0.008868932724 0.00785303115845 0.55544090271
www.chinanews.com 0.00747108459473 0.0319781303406 0.185272932053
www.chinaz.com 0.00820994377136 0.00543403625488 1.10958790779
www.chinazikao.com 0.00655603408813 0.00498294830322 0.0233130455017
www.christianlouboutinsaless.com 0.0010941028595 0.355228900909 3.15223407745
www.chuanloo.com 0.00750017166138 0.0448758602142 0.71568608284
www.cj123.com 0.00760197639465 0.0468969345093 0.914375066757
www.cjmx.com 0.00916600227356 0.0389230251312 0.611033916473
www.cjol.com 0.00779700279236 0.156002044678 0.974797964096
www.cm68.com 0.00648808479309 0.027538061142 0.586076021194
www.cn6000.com 0.006108045578 0.0651450157166 1.69068002701
www.cnbeta.com 0.00888705253601 0.00560879707336 0.797277927399
www.cncn.com 0.00636720657349 0.0458059310913 0.831461906433
www.cnmtr.com 0.00101709365845 0.0500469207764 0.130630970001
www.cnstock.com 0.00648403167725 0.00570297241211 3.04521799088
www.cnzz.com 0.00976610183716 0.0412468910217 0.630085945129
www.comicyu.com 0.00539207458496 0.00471687316895 0.971359968185
www.comsenz.com 0.00747108459473 0.0396749973297 4.75402092934
www.coolsrv.com 0.00798106193542 0.00415802001953 0.873898029327
www.coolyun.com 0.0063910484314 0.0552101135254 0.658504009247
www.cpdyj.com 0.00625276565552 0.00490212440491 0.886544942856
www.crct.com 0.00116014480591 0.0654740333557 0.257128953934
www.cs49.com 0.00664305686951 0.0525939464569 0.735919237137
www.cstytech.com 0.001296043396 0.178344011307 0.896331071854
www.ctrip.com 0.00660800933838 0.0431671142578 1.00541210175
www.czgongzuo.com 0.00787687301636 0.040549993515 0.858330965042
www.daddytuber.com 0.414855957031 0.305866003036 0.555748939514
www.dafuhao-ol.com 0.00636887550354 0.0399560928345 0.792583942413
www.dahuap2p.com 0.00610995292664 0.0363140106201 0.612125873566
www.dajiatou.com 0.415692806244 0.0437481403351 0.368088006973
www.daqianduan.com 0.00668811798096 0.0358059406281 1.29116296768
www.dashubao.com 0.00694799423218 0.0552508831024 0.629100084305
www.db1066.com 0.00727486610413 0.0572459697723 0.723562955856
www.dbz8.com 0.0103600025177 0.0426158905029 0.641783952713
www.ddtalking.com 0.00745105743408 0.195367097855 0.923616170883
www.de333.com 0.0261969566345 0.0546531677246 0.872320175171
www.dezhoudaily.com 0.0128259658813 0.00674104690552 0.8169298172
www.dgg43210.com 0.0126149654388 0.0370299816132 0.612518072128
www.dianping.com 0.00903677940369 0.0319521427155 0.871397972107
www.diaoyuweng.com 0.00691890716553 0.0230841636658 1.62130117416
www.ditiezu.com 0.395224094391 0.0476548671722 0.348700046539
www.djkk.com 0.0111801624298 0.00545787811279 0.577774047852
www.dm9.com 0.0108959674835 0.102288961411 6.02438902855
www.dmzj.com 0.0110359191895 0.00306987762451 0.547827959061
www.docin.com 0.00102996826172 0.00455594062805 0.0850369930267
www.douban.com 0.00810313224792 0.00367999076843 0.542446136475
www.doudouad.com 0.00661897659302 0.0566799640656 0.694749832153
www.douyutv.com 0.00876188278198 0.00858283042908 0.640331029892
www.dpfile.com 0.00858807563782 0.0134689807892 0.127238035202
www.dshinecn.com 0.00699782371521 0.0268421173096 0.589791059494
www.dsz2.com 0.0066339969635 0.236486911774 0.848526954651
www.du7.com 0.00783085823059 0.0276370048523 0.588751077652
www.duba.com 0.0142199993134 0.0195989608765 0.600233078003
www.duitang.com 0.00844311714172 0.0350608825684 0.59626698494
www.duokanbox.com 0.00783205032349 0.0129868984222 0.554029941559
www.duokan.com 0.0079288482666 0.0100510120392 0.633972167969
www.duowan.com 0.0167407989502 0.0404119491577 0.864588022232
www.dushubus.com 0.00561904907227 0.0725419521332 0.653292894363
www.dxy0011.com 0.00593996047974 0.167040109634 2.20686888695
www.dyn888.com 0.0130851268768 0.191251993179 1.90818977356
www.dzjyj.com 0.00950813293457 0.0603768825531 0.673877000809
www.ea.com 0.0110428333282 0.0861661434174 0.724958896637
www.easemob.com 0.0207991600037 0.00573396682739 0.799889087677
www.easou.com 0.0101938247681 0.0399699211121 3.63160800934
www.eastmoney.com 0.0078718662262 0.00557708740234 0.726162910461
www.ebeb55.com 0.00653409957886 0.0948541164398 0.708446979523
www.ebrun.com 0.0014181137085 0.0334088802338 0.936314821243
www.ecp888.com 0.0109570026398 0.00412607192993 0.865920782089
www.egame365.com 0.0123171806335 0.29220700264 1.11372089386
www.ellechina.com 0.00818991661072 0.00913786888123 0.617746114731
www.epingyang.com 0.00630116462708 0.0593900680542 0.659018039703
www.estrongs.com 0.000921010971069 0.0876741409302 0.706984996796
www.etao.com 0.00812315940857 0.0421750545502 0.0996580123901
www.etet123.com 0.00816202163696 0.00538611412048 4.54875206947
www.etet66.com 0.00650596618652 0.00370717048645 5.57088398933
www.exiaoshuo.com 0.00601005554199 0.00435400009155 3.53537607193
www.ezonmall.com 0.00102996826172 0.00531506538391 1.58531999588
www.ezonsport.com 0.00595593452454 0.0349328517914 0.606800079346
www.fang.com 0.00955700874329 2.01956796646 4.89722108841
www.fangjia.com 0.0059540271759 0.0682439804077 0.819910049438
www.faxingzhan.com 0.00723814964294 0.00361800193787 0.550423145294
www.fbs099.com 0.460947990417 0.247255086899 1.06303191185
www.fc9158.com 0.0121970176697 0.00388383865356 0.577695131302
www.fedex.com 0.0123569965363 0.0902650356293 1.04198908806
www.feidee.com 0.00718688964844 0.00560808181763 0.545000076294
www.fengsung.com 0.0112519264221 0.00940895080566 0.591635942459
www.fengyunzhibo.com 0.00886297225952 0.00322985649109 0.536900043488
www.fgmchekk.com 0.00591993331909 0.0870461463928 0.723873138428
www.fh678.com 0.00707316398621 0.0426468849182 0.685304164886
www.forbeschina.com 0.00698614120483 0.334451913834 1.52120780945
www.foxnews.com 0.013267993927 0.0503509044647 0.882917165756
www.freehead.com 0.00635600090027 0.0429902076721 0.615003824234
www.fsb33.com 0.00105881690979 0.0884101390839 0.55283498764
www.fubooks.com 0.00320601463318 0.298629999161 0.397397994995
www.fun88.com 0.00609612464905 0.0526609420776 0.62672495842
www.fuxitao.com 0.0112450122833 0.0382609367371 0.0989580154419
www.fxiaoke.com 0.00794315338135 0.0345249176025 0.619740962982
www.gamersky.com 0.00844192504883 0.00665402412415 0.788678884506
www.gametea.com 0.0168430805206 0.006511926651 0.199893951416
www.ganji.com 0.00990295410156 0.00861883163452 0.552198886871
www.gbgb123.com 0.0112090110779 0.00424385070801 0.546125173569
www.gdjnlg.com 0.134821891785 0.11755490303 3.09911394119
www.gg09.com 0.00709390640259 0.202934026718 2.22836303711
www.gmgm66.com 0.00933384895325 0.026359796524 0.11594080925
www.gomehome.com 0.00803589820862 0.00449299812317 0.58606004715
www.gongjiao.com 0.00805902481079 0.00901508331299 0.723948955536
www.googleadservices.com 0.00990796089172 0.00450682640076 0.602859020233
www.google-analytics.com 0.0138778686523 0.00350499153137 0.584461927414
www.googletagmanager.com 0.00678586959839 0.00319600105286 0.593345880508
www.googletagservices.com 0.00180196762085 0.00674700737 0.590389966965
www.gouwuke.com 0.416211128235 0.0072181224823 0.644338130951
www.gpplte.com 0.0108621120453 0.203323125839 2.42836594582
www.gpsime.com 0.0111889839172 0.0470209121704 1.21072387695
www.gpswww.com 0.00576996803284 0.0781579017639 0.842003107071
www.gravatar.com 0.411907911301 0.149644851685 0.754368066788
www.greenchinanet.com 0.0695059299469 0.0268061161041 0.890141010284
www.grindtv.com 0.0085461139679 0.0898699760437 1.43481087685
www.gtja.com 0.00622296333313 0.0657458305359 0.738891839981
www.guolv.com 0.00567698478699 0.0130479335785 1.56492495537
www.gupiaogaoshou.com 0.00612998008728 0.0419380664825 0.621150016785
www.gxczdz.com 0.0587470531464 0.277860879898 2.35993599892
www.gxhsd.com 0.00804305076599 0.0645501613617 0.659264802933
www.gxtodo.com 0.00905895233154 0.0367391109467 0.60645198822
www.gy3n.com 0.0558121204376 0.097207069397 0.633689880371
www.hackhome.com 0.0153958797455 0.030730009079 0.547036170959
www.hanjucc.com 0.00863909721375 0.0525100231171 3.54549407959
www.hantinghotels.com 0.00691294670105 0.0713641643524 0.687184095383
www.hao123.com 0.00783395767212 0.00593900680542 0.925107002258
www.haodf.com 0.0139439105988 0.0393218994141 1.40794587135
www.haodongdong.com 0.00943779945374 0.244152069092 1.02255010605
www.haokoo.com 0.00618982315063 0.00458717346191 0.548034191132
www.haole003.com 0.00878214836121 0.240971088409 1.10619878769
www.haosou.com 0.00910806655884 0.0145220756531 1.58657407761
www.hbsxkyy.com 0.424662828445 0.057168006897 0.37940788269
www.hentaioppai.com 0.412937164307 0.38286113739 0.394206047058
www.heshidai.com 0.00846695899963 0.0215599536896 0.714802026749
www.hf07.com 0.00748682022095 0.0216200351715 0.577306985855
www.hftogo.com 0.0106959342957 0.210840940475 0.95099902153
www.hg22299.com 0.00839400291443 1.26545906067 0.508034944534
www.hg426.com 0.00677680969238 0.23810505867 0.842992067337
www.hg522.com 0.00833702087402 0.0751588344574 0.197321891785
www.hg880111.com 0.0615170001984 0.0535960197449 0.659520149231
www.hg880.com 0.00635099411011 0.0562129020691 0.946520090103
www.hg9296.com 0.251817941666 0.244009971619 2.4418129921
www.hg99948.com 0.270367860794 0.0443329811096 0.672531843185
www.hik-online.com 0.00690817832947 0.0783388614655 0.667026996613
www.hk1666.com 0.00767302513123 0.277601003647 5.91577196121
www.hk6694.com 0.00522994995117 0.190104007721 6.71175384521
www.hk669.com 0.00808095932007 0.176907062531 2.03677606583
www.hk9911.com 0.00345587730408 0.195968866348 0.927614927292
www.hk9966.com 0.00906014442444 0.036600112915 0.596237182617
www.hlw66.com 0.0088369846344 0.0450301170349 0.624830961227
www.honbro.com 0.00580811500549 0.0581438541412 3.01817297935
www.hongbeibang.com 0.00707602500916 0.0629367828369 0.663125038147
www.hongkongairport.com 0.0079231262207 0.0844879150391 0.726201057434
www.honyeemotiv.com 0.0076699256897 0.170712947845 9.27610397339
www.hotels.com 0.42005109787 0.0529351234436 0.257006883621
www.housebeautiful.com 0.42694401741 0.0875699520111 1.02646708488
www.hr3888.com 0.00682210922241 0.278703212738 5.5563018322
www.htattoo.com 0.00620412826538 0.0559899806976 0.993022203445
www.htc.com 0.0108029842377 0.0688450336456 0.658375024796
www.htcsense.com 0.0079779624939 0.023665189743 0.556199073792
www.huadu22.com 0.0100960731506 0.294138908386 0.870754003525
www.huajiao.com 0.00824499130249 0.00501799583435 0.658986091614
www.huakang.com 0.00850677490234 0.079479932785 0.700078010559
www.huawei.com 0.009840965271 0.00603485107422 0.543053150177
www.huimaiche.com 0.00869679450989 0.0118670463562 1.08480000496
www.huisuoping.com 0.00902509689331 0.0347788333893 0.651921987534
www.hunantv.com 0.0114281177521 0.00328993797302 0.638307094574
www.huxiu.com 0.00984191894531 0.0373768806458 0.669638872147
www.huya.com 0.0105638504028 0.00435519218445 0.915822029114
www.ibabylabs.com 0.02263712883 0.23307800293 1.00578999519
www.ibm.com 0.00815606117249 0.0613491535187 0.648588180542
www.icafeads.com 0.190558195114 0.00480103492737 0.142508983612
www.ifeng.com 0.00673794746399 0.00418496131897 0.599660158157
www.ifuzhu.com 0.00786709785461 0.17613697052 1.32964015007
www.igamecool.com 0.00629997253418 0.00541996955872 0.596747159958
www.igoodgame.com 0.00713706016541 0.287040948868 2.8633749485
www.ihavecar.com 0.00674200057983 0.0421719551086 0.624251127243
www.ijinshan.com 0.00998115539551 0.00795793533325 0.554933071136
www.ikemeng.com 0.0513641834259 0.0368459224701 0.984838962555
www.iluoshen.com 0.00828003883362 0.0409531593323 0.625669956207
www.immomo.com 0.0079710483551 0.0354599952698 0.766283988953
www.imobpay.com 0.00578308105469 0.0351839065552 0.644021034241
www.imxingzhe.com 0.00870108604431 0.0387740135193 0.613232135773
www.infzm.com 0.00622892379761 0.0621020793915 0.898899078369
www.iosteam.com 0.411190032959 0.00590395927429 0.0292558670044
www.iphoenix8.com 0.00850200653076 0.0225689411163 0.110276937485
www.iqiyi.com 0.00956702232361 0.00476694107056 0.57599902153
www.ireadercity.com 0.00862693786621 0.0570359230042 0.641052961349
www.ishuhui.com 0.00742697715759 0.0361449718475 0.609705924988
www.ithome.com 0.00853610038757 0.00320410728455 0.540227174759
www.itmoo.com 0.00910186767578 0.0972461700439 0.706211090088
www.ivifi.com 0.00704789161682 0.0433900356293 0.646546125412
www.iwencai.com 0.011981010437 0.0792729854584 0.916022062302
www.ixidc.com 0.0929689407349 0.0231990814209 0.0898540019989
www.iyangsheng.com 0.0123250484467 0.0501639842987 0.579205989838
www.iyucqqcsn.com 0.00622391700745 0.0538141727448 7.64537811279
www.izhuazhua.com 0.00125980377197 0.00736784934998 0.545286893845
www.jb-app.com 0.00845813751221 0.0557301044464 0.647099018097
www.jctg.com 0.00989508628845 0.0639910697937 0.638239145279
www.jd-bbs.com 0.00903487205505 0.0611300468445 1.66387104988
www.jd.com 0.00987005233765 0.00678586959839 0.536020994186
www.jfdaily.com 0.00794792175293 0.0226061344147 0.682097196579
www.jgq8.com 0.6275370121 0.407788038254 2.04988002777
www.jiakaobaodian.com 0.00878596305847 0.00653314590454 1.57539987564
www.jianshu.com 0.414819002151 0.0303680896759 0.189190149307
www.jiaoyimao.com 0.412804841995 0.0515308380127 0.123342990875
www.jiaoyu123.com 0.00867009162903 0.160578012466 1.84076809883
www.jiathis.com 0.00945782661438 0.00703096389771 0.676233053207
www.jiayuan.com 0.00535607337952 0.00498104095459 0.585332870483
www.jince.com 0.00734090805054 0.0402390956879 0.829633951187
www.jisucn.com 0.00832295417786 0.0606632232666 0.771183013916
www.jj20.com 0.00699687004089 0.0652239322662 2.66622400284
www.jk7779.com 0.10529589653 0.0053858757019 0.54824590683
www.jmyykj.com 0.00660800933838 0.0715990066528 2.28923892975
www.job168.com 0.0099720954895 0.0375549793243 1.37200307846
www.jobcn.com 0.00574707984924 0.0689330101013 1.85835599899
www.jobui.com 0.00872683525085 0.0506639480591 0.816366910934
www.jovetech.com 0.00899696350098 0.0295209884644 0.599920988083
www.joymeng.com 0.0065438747406 0.0472419261932 0.944104909897
www.jqgc.com 0.00841903686523 0.0408959388733 0.671870946884
www.juanpi.com 0.00954294204712 0.0145041942596 0.743422031403
www.juchang.com 0.0133600234985 0.0050311088562 0.0491209030151
www.julanling.com 0.00603199005127 0.0633680820465 0.664790868759
www.jumei.com 0.0087559223175 0.00944399833679 0.554689884186
www.junshishu.com 0.00814819335938 0.0257229804993 0.829496145248
www.juyoutao.com 0.00647807121277 0.185147047043 2.15902614594
www.jycinema.com 0.00783395767212 0.00471377372742 0.719322919846
www.jz5u.com 0.00747299194336 0.033056974411 0.713860988617
www.k1133.com 0.00890898704529 0.180104017258 0.949285030365
www.kai8.com 0.00668215751648 0.0562689304352 2.65546798706
www.kaixin001.com 0.0225160121918 0.00348401069641 0.609735012054
www.kankaijiang.com 0.0101368427277 0.177170038223 1.43213295937
www.kanshu.com 0.00643396377563 0.00272393226624 0.587623119354
www.kanshuge.com 0.39800286293 0.0510311126709 0.195209980011
www.kaola.com 0.0106308460236 0.0318009853363 0.602221012115
www.kj001.com 0.00694799423218 0.199942111969 1.78427386284
www.kj0066.com 0.0117840766907 0.28452706337 2.61339688301
www.kj0088.com 0.00589108467102 0.27436208725 4.55015993118
www.kj05.com 0.0522058010101 0.0694200992584 0.653031826019
www.kj111.com 0.0108759403229 0.0256321430206 0.126814842224
www.kj2345.com 0.00830698013306 0.193291902542 1.31941103935
www.kj25.com 0.00165009498596 0.232650995255 1.22746896744
www.kj278.com 0.00155782699585 0.291806936264 3.90813589096
www.kj28.com 0.00570702552795 0.181861162186 2.71097803116
www.kj303.com 0.00583696365356 0.298299074173 5.40366387367
www.kj30.com 0.00784301757812 0.232353925705 6.91230916977
www.kj559.com 0.284754991531 0.193444013596 0.936614990234
www.kj5.com 0.00705003738403 0.269760847092 2.17136597633
www.kj666.com 0.0118310451508 0.0742161273956 0.17912197113
www.kj717.com 0.0073139667511 0.263514041901 1.07375788689
www.kj733.com 0.00646591186523 0.2326130867 0.99910402298
www.kj7668.com 0.00904607772827 0.241561889648 2.29698610306
www.kj788.com 0.0108959674835 0.172236204147 2.4558570385
www.kj8088.com 0.0183761119843 0.0480260848999 0.63969707489
www.kj80.com 0.000962018966675 0.0450248718262 1.61927700043
www.kj888.com 0.00922799110413 0.0279810428619 0.0933380126953
www.kj989.com 0.00209712982178 0.305899858475 7.27610588074
www.kj991.com 0.00962901115417 0.203541040421 1.56126189232
www.kk0888.com 0.00138306617737 0.149194002151 5.82734394073
www.kk6688.com 0.00675892829895 0.264554023743 1.88258290291
www.kk678.com 0.0623071193695 0.0535180568695 0.659524917603
www.kk71.com 0.00761914253235 0.180207967758 2.82133197784
www.kkk5.com 0.0127129554749 0.00630402565002 0.563825130463
www.kkk75.com 0.00327610969543 0.132980108261 5.86340713501
www.kktv1.com 0.00825309753418 0.0317101478577 0.773828029633
www.kkxkkx.com 0.00685095787048 0.00649499893188 1.5492310524
www.klckt.com 4.34375715256 0.306994915009 6.28546118736
www.koowo.com 0.00762104988098 0.0105061531067 0.548848152161
www.ku6.com 0.00959706306458 0.00496506690979 0.542706012726
www.kuaidi100.com 0.0063259601593 0.00733208656311 0.645975112915
www.kugou.com 0.0103027820587 0.0392081737518 0.852045059204
www.kv556.com 0.0541479587555 9.32875394821 1.68945908546
www.kw123456.com 0.00641107559204 0.307896852493 1.52902412415
www.kwgproperty.com 0.00120997428894 0.0668151378632 0.97391295433
www.kxpsh1.com 0.00786399841309 0.039244890213 0.616667985916
www.kxpsh2.com 0.00229787826538 0.0384089946747 0.611617088318
www.kxpsh3.com 0.00122904777527 0.0398409366608 1.61813902855
www.kxtuisong.com 0.00638890266418 0.0387721061707 0.61360502243
www.laitema.com 0.00712013244629 0.196072101593 0.923166036606
www.laiwang.com 0.00855207443237 0.0391788482666 0.609596967697
www.laiyouxi.com 0.00966310501099 0.0283150672913 0.66861987114
www.lang49.com 0.00119805335999 0.172574043274 2.22764515877
www.laonanren.com 0.00871396064758 0.0160191059113 0.618180990219
www.lashou.com 0.00669503211975 0.0613698959351 1.01774001122
www.lbesec.com 0.00673294067383 0.0225858688354 0.596604824066
www.lcwufangbudai.com 0.00182795524597 0.0372161865234 0.623670101166
www.leleketang.com 0.00844693183899 0.00475287437439 0.563238859177
www.letv.com 0.00917601585388 0.0318138599396 0.602828979492
www.lezhi.com 0.00729894638062 0.00489497184753 1.32004714012
www.lg.com 0.00929403305054 0.00981593132019 0.471852064133
www.lhc4950.com 0.00860285758972 0.0591771602631 0.204535007477
www.lhssfj.com 0.00661206245422 0.185507059097 2.90720391273
www.libaiwu.com 0.00828003883362 0.00312209129333 0.556854009628
www.licaifan.com 0.00960803031921 0.0664989948273 1.63408112526
www.lieqicun.com 0.00833082199097 0.0551011562347 0.65514588356
www.lingdugame.com 0.00806093215942 0.0363609790802 0.601538181305
www.linkedin.com 0.00566005706787 0.0424110889435 0.454613924026
www.little-sun.com 0.41129899025 0.0160350799561 0.0650658607483
www.liuhecaituku.com 0.0649399757385 3.64831900597 0.660985946655
www.liwushuo.com 0.00597095489502 0.00669002532959 0.551774024963
www.liyujinrong.com 0.00703597068787 0.0353548526764 0.61149597168
www.lizhi001.com 0.00773406028748 0.0874361991882 1.92405605316
www.lizisoft.com 0.00772905349731 0.00381302833557 0.54726600647
www.lks588.com 0.0328860282898 0.205612897873 0.954437971115
www.lofter.com 0.411056041718 0.030219078064 0.0798950195312
www.lsj111.com 0.00724697113037 0.204055786133 0.79066491127
www.ltaaa.com 0.00704598426819 0.0709540843964 1.1984231472
www.ltwbook.com 0.00145792961121 0.133671998978 1.73983407021
www.lu2386.com 0.409115076065 0.0684731006622 0.168272018433
www.lu23.com 0.0106570720673 0.24050617218 0.855714082718
www.lu338.com 0.0549190044403 0.00298714637756 0.549325942993
www.lukou.com 0.0060338973999 0.0379400253296 1.56810283661
www.lunanzi.com 0.0564999580383 0.216603040695 1.79109311104
www.luyilu03.com 0.0881700515747 0.153288841248 4.82455992699
www.lxwmxy.com 0.00951600074768 0.0349650382996 0.608654022217
www.ly.com 0.0105040073395 0.040824174881 0.687351942062
www.ma288.com 0.00932598114014 0.0867729187012 1.73596596718
www.manmanbuy.com 0.00812697410583 0.0460948944092 1.27976489067
www.mao49.com 0.0186469554901 0.190023899078 1.94468402863
www.mayi.com 0.00960683822632 0.00624799728394 0.595876932144
www.mediaspike.com 0.00778818130493 0.0848200321198 0.73840212822
www.mediav.com 0.00795292854309 0.00453305244446 0.645596981049
www.meifajie.com 0.00641918182373 0.0484371185303 1.79373693466
www.meilishuo.com 0.0148530006409 0.0541219711304 0.705083847046
www.meipai.com 0.00836610794067 0.00861001014709 0.99022603035
www.meituan.com 0.0116338729858 0.0035400390625 0.869048118591
www.meiyanw.com 0.00817108154297 0.005863904953 1.23419809341
www.meizhigao.com 1.14717197418 0.0628309249878 1.32680416107
www.mg7777.com 0.248961925507 0.207318067551 1.5785009861
www.mgm0030.com 0.102130174637 0.0316171646118 0.60059094429
www.mgm0040.com 0.00804209709167 0.0280570983887 0.0721650123596
www.mh118.com 0.0118319988251 0.271159887314 1.758051157
www.mi.com 0.00673389434814 0.00377607345581 0.543957948685
www.microsoft.com 0.00697612762451 0.0100572109222 0.58992600441
www.microup.com 0.0076789855957 0.257452964783 0.87307715416
www.mihoyo.com 0.00786209106445 0.0394871234894 0.803887844086
www.miliyo.com 0.00709509849548 1.16922092438 2.11346793175
www.mingdown.com 0.0060670375824 0.0379829406738 1.6069021225
www.miui.com 0.00646090507507 0.0103151798248 0.556756019592
www.mj-game.com 0.0114648342133 0.00520181655884 0.0272350311279
www.mmav66.com 0.00577282905579 0.0038959980011 0.542156934738
www.mmbang.com 0.00648093223572 0.0391230583191 0.620038986206
www.mmssc.com 0.00758504867554 0.205486059189 0.958736896515
www.moboplayer.com 0.00584006309509 0.061900138855 0.743921995163
www.mogujie.com 0.00792694091797 0.0484278202057 0.499464035034
www.mop.com 0.00714516639709 0.00403785705566 0.677958965302
www.motorcs.com 0.00640606880188 0.251219034195 2.86742091179
www.msftncsi.com 0.00593614578247 0.0863060951233 0.705502033234
www.msndvr.com 0.00680804252625 0.044949054718 0.618969917297
www.mw801.com 0.413670063019 0.0879139900208 0.213063001633
www.my119.com 0.010195016861 0.164938926697 2.78243589401
www.mybook66.com 0.0064868927002 0.0673141479492 1.67597699165
www.mydrivers.com 0.0123648643494 0.0154120922089 0.63925909996
www.my-fastlink.com 0.001140832901 0.22109079361 5.97505497932
www.myfmchangchun.com 0.000988960266113 0.0386190414429 0.650604963303
www.nahaowan.com 0.00993704795837 0.0370030403137 0.606620073318
www.nanjixiong.com 0.00856184959412 0.0310060977936 0.787838935852
www.narutohentaidb.com 0.00697803497314 0.0925941467285 0.704701900482
www.navinfo.com 0.00665903091431 0.00578093528748 0.56415605545
www.nbahero.com 0.00994110107422 0.012748003006 1.82659316063
www.nc011.com 0.0622990131378 0.162081003189 1.01601791382
www.nhaidu.com 0.411401033401 0.0118498802185 0.044459104538
www.niaoqi.com 0.00100922584534 0.00400304794312 0.544242858887
www.niuche.com 0.00820708274841 0.00547790527344 0.832976102829
www.niuguwang.com 0.00702214241028 0.0290508270264 0.625618934631
www.nmtxt.com 0.00711607933044 0.167328119278 1.41094207764
www.nnytm.com 0.00134491920471 0.0744979381561 0.318160057068
www.nuoshu.com 0.0650811195374 0.0356109142303 0.607395887375
www.nvshengmimi.com 0.00855183601379 0.00791382789612 0.552515983582
www.o-bos.com 0.0119760036469 0.0418689250946 0.787961959839
www.oeeee.com 0.00961303710938 0.00984382629395 0.205513000488
www.ok619.com 0.00139093399048 0.0116908550262 0.577630996704
www.ok8s.com 0.00135898590088 0.0393588542938 0.620262861252
www.okok838.com 0.0106511116028 0.239766836166 2.01907896996
www.oldmanvideo.com 0.00116491317749 0.255751132965 2.09370803833
www.oneniceapp.com 0.00999999046326 0.00395703315735 1.55495882034
www.oppo.com 0.00589799880981 0.00728702545166 0.627232074738
www.p33888.com 1.03007102013 0.0296239852905 0.588514089584
www.penangturfclub.com 0.010803937912 0.335557937622 0.633899927139
www.phone580.com 0.00978183746338 0.0164730548859 0.628671884537
www.pingan.com 0.00812196731567 0.0702590942383 1.3755698204
www.pingwest.com 0.0117120742798 0.00403213500977 0.621682167053
www.pinwenba.com 0.00709104537964 0.00309801101685 0.562606811523
www.pj5559.com 0.00999593734741 0.151428937912 0.843389034271
www.pj6698.com 0.158402919769 0.0471260547638 0.632976055145
www.pj7022.com 0.00661492347717 0.298468112946 6.25927805901
www.pj9500.com 0.00750207901001 0.0242638587952 0.594553947449
www.pj9700.com 0.0956950187683 0.0243577957153 0.0644421577454
www.plaxo.com 0.7307908535 0.237143039703 0.471904039383
www.play68.com 0.00782895088196 0.0448198318481 0.735635995865
www.plugerr.com 0.414844036102 0.339844942093 0.699672937393
www.pokerjoin.com 0.0063099861145 0.0559601783752 0.666872024536
www.ponroad.com 0.00801205635071 0.0248491764069 0.989129066467
www.pptv.com 0.00592494010925 0.00496888160706 1.34190201759
www.presselite.com 0.00277495384216 0.308156967163 1.02616596222
www.psjia.com 0.0085129737854 0.0659871101379 1.6476650238
www.q8818.com 0.00138592720032 0.00704598426819 5.56546401978
www.qdaily.com 0.00957894325256 0.0298931598663 1.23804998398
www.qeoso.com 0.00779104232788 0.0271279811859 1.60360503197
www.qiaolr.com 0.0110139846802 0.154532909393 0.652539014816
www.qidian.com 0.00511193275452 0.0591390132904 0.131025075912
www.qie-zi.com 0.00661706924438 0.0370500087738 1.65129685402
www.qimanfushi.com 0.0074360370636 0.0669169425964 1.25962805748
www.qingdaonews.com 0.00700402259827 1.02717399597 0.923138856888
www.qiongmanshe.com 0.00135612487793 0.23189997673 1.20871019363
www.qiushibaike.com 0.00260496139526 0.0513460636139 0.828884840012
www.qiuxiaoshuo.com 0.00179505348206 0.157119035721 0.570088863373
www.qiyi.com 0.41376209259 0.00307202339172 0.0295219421387
www.qm120.com 0.00773811340332 0.00648617744446 0.0724217891693
www.qq505.com 0.00124907493591 0.203234195709 1.7914121151
www.quanqiupiao.com 0.00315499305725 0.205853939056 1.47946000099
www.qubaobei.com 0.00262999534607 0.00497007369995 0.551584005356
www.queclocator.com 0.000983953475952 0.0380780696869 0.602328062057
www.qugou-inc.com 0.0013599395752 0.0350198745728 0.612109184265
www.qunar.com 0.00152802467346 0.00453209877014 0.532940864563
www.qyej520.com 0.00248193740845 0.172420978546 2.5949420929
www.qyer.com 0.00186109542847 0.00410604476929 0.750044107437
www.rabbitpre.com 0.00139403343201 0.0370290279388 0.867048978806
www.ratrodmedia.com 0.00128197669983 0.355479001999 0.777546882629
www.renren.com 0.411655902863 0.00605511665344 0.601030111313
www.renwen.com 0.00167393684387 0.0749847888947 0.170206069946
www.rong360.com 0.00175213813782 0.0173900127411 0.577003002167
www.rongchang.com 0.00101089477539 0.0365447998047 0.193653106689
www.rongshuxia.com 0.00158905982971 0.0630049705505 0.89885020256
www.royaleu.com 0.00195384025574 0.265985965729 6.42981791496
www.ruizhongxin.com 0.00990700721741 0.0345251560211 0.598933935165
www.samsung.com 0.0115828514099 0.00955605506897 0.556187152863
wwwsayd.ganji.com 0.00845193862915 0.00750803947449 0.563570976257
www.sese44.com 0.321116924286 0.191432952881 5.96116900444
www.sf-express.com 0.00739312171936 0.00419902801514 0.534393072128
www.sf-pay.com 0.00912690162659 0.0756549835205 0.659614086151
www.sh0099.com 0.148154973984 0.0267128944397 0.584605932236
www.shanbay.com 0.00718283653259 0.0353457927704 0.642850875854
www.sh.com 0.00757718086243 0.0158700942993 0.847481966019
www.shenhua-group.com 0.0096640586853 0.0650908946991 0.643886089325
www.shijiebang.com 0.00955414772034 0.00446200370789 0.609652996063
www.shipxy.com 0.00777697563171 0.00745797157288 0.570302009583
www.shoujiduoduo.com 0.00832796096802 0.00678205490112 0.57498884201
www.siyu.com 1.19348502159 0.0491180419922 1.64428710938
www.sk7788.com 0.244626998901 0.0286769866943 0.0723538398743
www.sky2888.com 0.0721487998962 0.0849149227142 0.835878133774
www.skymoons.com 0.0864770412445 0.0419700145721 0.825644016266
www.smskb.com 0.00730681419373 0.0718379020691 1.94373989105
www.so.com 0.00812792778015 0.0141730308533 0.564012050629
www.sogou.com 0.0075089931488 0.00454306602478 1.54336595535
www.sohu.com 0.0105459690094 0.00654697418213 0.58632683754
www.soku.com 0.00818610191345 0.00864291191101 0.550945997238
www.southbeauty.com 0.00553202629089 0.0478501319885 0.6756939888
www.southcn.com 0.0077428817749 0.0774440765381 0.932528972626
www.spbo.com 0.00779104232788 1.32825183868 5.89503908157
www.stcn.com 0.00575280189514 0.0404269695282 0.898123025894
www.stockstar.com 0.0113408565521 0.00350189208984 1.05161499977
www.stormreader.com 0.00793695449829 0.199757099152 2.01945495605
www.suning.com 0.00756502151489 0.00534009933472 0.549577951431
www.superayi.com 0.00718593597412 0.0436041355133 0.666480064392
www.sxlanya.com 0.355233192444 0.173515081406 1.87238502502
www.szcec.com 0.00841283798218 0.057256937027 1.79543185234
www.sz-jlc.com 0.0146808624268 0.0493459701538 0.801968097687
www.sznews.com 0.0074360370636 0.0504701137543 0.872038841248
www.szwistar.com 0.170341014862 0.0529639720917 0.653172016144
www.t8008.com 0.0711891651154 0.0529861450195 0.639568805695
www.taichenda.com 0.00851893424988 0.0677011013031 0.763898134232
www.taobao.com 0.0110569000244 0.00469589233398 0.540251970291
www.taoshu.com 0.0105538368225 0.00705194473267 0.588763952255
www.tbitgps.com 0.00711798667908 0.0616128444672 0.834989070892
www.teajwxev.com 0.00769114494324 0.0542221069336 7.64209604263
www.tencent.com 0.0118658542633 0.0227069854736 0.58732008934
www.tencentmind.com 0.00857400894165 0.0670280456543 5.84612703323
www.tenpay.com 0.00849199295044 0.056431055069 0.658043861389
www.tesoon.com 0.00671195983887 0.0241010189056 0.615708827972
www.tianq521.com 0.00568509101868 0.314270019531 2.19084095955
www.tianqi.com 0.0074520111084 0.0396559238434 0.84014081955
www.tianya999.com 0.0116069316864 0.043338060379 0.71348118782
www.tieqq.com 0.00966596603394 0.0631058216095 0.725130796432
www.tieyou.com 0.0130350589752 0.0482029914856 1.19644999504
www.ting30.com 0.00804400444031 0.00424695014954 1.15458297729
www.tm139.com 0.0713629722595 0.203783988953 0.935774087906
www.tm6666.com 0.00592494010925 0.164384126663 1.35737895966
www.tmall.com 0.0140190124512 0.00405812263489 0.538599967957
www.tmtpost.com 0.00791096687317 0.00540995597839 0.685555934906
www.tom.com 0.0127849578857 0.014778137207 0.837334156036
www.tomome.com 0.00617718696594 0.0571641921997 0.63821387291
www.toutiaojunshi.com 0.00658702850342 0.00518202781677 0.577026128769
www.townck.com 0.0546700954437 0.0361721515656 0.851119041443
www.toys1688.com 0.0285868644714 0.394903182983 1.47062706947
www.tp-link.com 0.00749397277832 0.0562582015991 0.868478059769
www.trackimpression.com 0.233812093735 0.0874359607697 0.959444046021
www.tt533.com 0.0112211704254 0.0740008354187 0.667562961578
www.ttigame.com 0.00793099403381 0.0435960292816 1.04096102715
www.tu3k.com 0.00651788711548 0.246025085449 2.00566101074
www.tuan800.com 0.0141921043396 0.041218996048 0.715470075607
www.tudou.com 0.412501096725 0.0125720500946 0.0967619419098
www.tvbyy.com 0.00898098945618 0.0998511314392 0.711457014084
www.tx5533.com 0.0597760677338 0.175383090973 0.882134914398
www.tzrl.com 0.00741219520569 0.0415041446686 0.977350234985
www.tzsd8.com 0.00893998146057 0.0230438709259 0.689361095428
www.u51.com 0.0068199634552 0.0382668972015 0.605029821396
www.udache.com 0.00882387161255 0.0486259460449 0.635589122772
www.uichange.com 0.00662612915039 0.0511200428009 0.746556997299
www.umbpay.com 0.007159948349 0.00774598121643 0.553104877472
www.umcgchat.com 0.0573508739471 0.052237033844 0.647948026657
www.umeng.com 0.0250780582428 0.0399041175842 0.61635518074
www.usa123456.com 0.00676298141479 0.0297698974609 0.633740186691
www.uxin.com 0.00848984718323 0.00550103187561 0.570997953415
www.vancl.com 0.00640797615051 0.00465083122253 0.580400943756
www.vgangqu.com 0.12149810791 0.309725999832 3.19673514366
www.vic58.com 0.159034967422 0.0377869606018 0.616641998291
www.vip360678.com 0.141646146774 0.158179998398 2.66605615616
www.visuny.com 0.00674104690552 0.0737159252167 1.66293120384
www.vmall.com 0.00751709938049 0.00752902030945 0.544559955597
www.vns0040.com 0.144754886627 0.0913679599762 1.73959898949
www.vns6658.com 0.123122930527 0.0532550811768 0.62923002243
www.vns77999.com 0.303485870361 0.0466551780701 0.633157014847
www.vodone.com 0.0062210559845 0.00671315193176 0.539063930511
www.vvvdj.com 0.0103509426117 0.00388383865356 0.559165000916
www.vxplo.com 0.0544168949127 0.0377700328827 0.60745382309
wwww.4394.com 0.156512975693 0.285614013672 3.20900297165
wwww.482008.com 0.173022985458 0.218284130096 1.98307108879
wwww.666613.com 0.00880408287048 0.0552370548248 0.638699054718
wwww.788118.com 0.243197917938 0.0672249794006 2.75218701363
www.wacai.com 0.00821208953857 0.0826518535614 0.817085981369
www.waixing.com 0.00717210769653 0.0612010955811 0.647286891937
www.wan866.com 0.00759792327881 0.0391540527344 0.782768964767
www.wandoujia.com 0.00608110427856 0.0535900592804 0.645720005035
www.wanlibk.com 0.0800590515137 0.0951540470123 1.79384613037
www.wanlitong.com 0.00784492492676 0.0711591243744 0.657701015472
www.wanmeizhensuo.com 0.0093400478363 0.0635888576508 2.51789498329
www.wanzhoumo.com 0.00712585449219 0.0354340076447 0.607961177826
www.wcjbb.com 0.0193109512329 0.0573480129242 0.953742980957
www.wd855.com 0.131308078766 0.0581231117249 0.650505781174
www.webank.com 0.00773501396179 0.0476670265198 0.691152095795
www.webdissector.com 0.00879597663879 0.00447607040405 0.558411836624
www.wecare100.com 0.00650501251221 0.0462980270386 0.651865005493
www.weibo.com 0.00870490074158 0.041277885437 0.621856927872
www.weihuitel.com 0.0111889839172 0.0689389705658 0.77912902832
www.weishi.com 0.00848603248596 0.0466289520264 0.664762973785
www.weituibao.com 0.00789904594421 0.0360388755798 0.600718021393
www.wemedias.com 0.00784301757812 0.066773891449 0.636461019516
www.wenjuan.com 0.00893688201904 0.034863948822 0.599184036255
www.west95582.com 0.0064070224762 0.0550501346588 0.677896022797
www.wezeit.com 0.0109910964966 0.0454540252686 0.704766988754
www.winavi.com 0.00927710533142 0.0911710262299 2.09495186806
www.windowsphone.com 0.00862884521484 0.127684831619 0.784337997437
www.winshang.com 0.00836801528931 0.00324988365173 0.606007099152
www.wn60.com 0.311162948608 0.141273975372 2.44625711441
www.wns012.com 0.231389045715 0.238070964813 0.885252952576
www.wns877.com 1.14678478241 0.285018920898 1.63013887405
www.wns886.com 1.14131307602 0.00691795349121 0.54461812973
www.wowoxs.com 0.00926303863525 0.242567062378 0.867016077042
www.woxiu.com 0.00844407081604 0.0149078369141 1.19696879387
wwww.spbo.com 0.00789904594421 0.0755190849304 0.673360109329
www.wudage.com 0.0123970508575 0.00385999679565 0.695541858673
www.wumii.com 0.00784993171692 0.0754709243774 1.68673396111
www.wz121.com 0.0567650794983 0.00296711921692 1.22217297554
www.wznetwork.com 0.00649189949036 0.0471918582916 0.760588169098
www.x3cn.com 0.00778889656067 0.0683717727661 0.675757884979
www.xd15888.com 0.00590014457703 0.153331041336 0.888198852539
www.xiangha.com 0.00936198234558 0.00633788108826 0.540471076965
www.xiaohongchun.com 0.00733399391174 0.00692486763 0.549844026566
www.xiaohongshu.com 0.00852990150452 0.0333199501038 1.66353583336
www.xiaojukeji.com 0.00738501548767 0.054084777832 0.657643079758
www.xiaomishu.com 0.00797700881958 0.0355358123779 0.629448890686
www.xiaoyuantang.com 0.00675201416016 0.164654016495 0.861392021179
www.xingyunba.com 0.00881409645081 0.0543811321259 1.1128320694
www.xinhuanet.com 0.0104639530182 0.00519800186157 0.539843797684
www.xinwl.com 0.238570213318 0.0271599292755 0.579898118973
www.xj120.com 0.00862693786621 0.0521309375763 6.82562398911
www.xj3737.com 0.324923038483 0.0460090637207 1.79003405571
www.xmccb.com 0.00656199455261 0.088742017746 0.751121044159
www.xn15.com 0.127621889114 1.09904789925 1.74503493309
www.xp85.com 0.00912594795227 0.0221819877625 1.14193296432
www.xpj3306.com 0.215328931808 0.161015987396 5.51528286934
www.xpjlt.com 0.14795589447 0.0872459411621 0.891290187836
www.xsm666.com 0.0517549514771 0.151440858841 1.88604307175
www.xtep.com 0.00779390335083 0.038957118988 1.93422913551
www.xunlei.com 0.00627899169922 0.0346491336823 0.645643949509
www.xunleipu.com 0.00617980957031 0.160140037537 0.945983886719
www.xwie.com 0.00736784934998 0.0675599575043 1.35276222229
www.xxxmeng.com 0.00757217407227 0.0402839183807 1.10510802269
www.xyshu8.com 0.00596594810486 0.232559919357 2.29737305641
www.xywy.com 0.00725698471069 0.00370121002197 0.910869121552
www.xyx5555.com 0.105603933334 0.0534009933472 0.639216184616
www.xyzs.com 0.0077919960022 0.0493130683899 1.05036497116
www.xzzmwl.com 0.00672793388367 0.0364129543304 0.609934091568
www.y1che.com 0.00699520111084 0.147339820862 0.728702068329
www.yahoo.com 0.00688314437866 0.113811016083 0.777456045151
www.yangmarket.com 0.416219949722 0.0290141105652 0.37955904007
www.yc8.com 0.103311061859 0.0533490180969 0.96799993515
www.yeahyoo.com 0.00758600234985 0.00551104545593 1.54238986969
www.yemaozi.com 0.00638580322266 0.0354840755463 0.605806112289
www.yf2016.com 0.00887799263 0.209681034088 1.04249691963
www.yghtjt.com 0.0096070766449 0.176151990891 1.2538459301
www.yh3939.com 0.141070127487 0.163290977478 0.864352941513
www.yh68666.com 0.0244059562683 0.174997091293 5.70273900032
www.yichemall.com 0.00717616081238 0.00408291816711 0.54299902916
www.yidianzixun.com 0.0069739818573 0.00585293769836 0.62278008461
www.yihub.com 0.0904438495636 0.0401718616486 0.610294103622
www.yinyuetai.com 0.00752401351929 0.00559687614441 0.73764705658
www.yixun.com 0.00944805145264 0.0327889919281 0.599246025085
www.yjbys.com 0.00879621505737 0.0468080043793 0.809931993484
www.yjcp.com 0.00778603553772 0.00674390792847 0.738750219345
www.ylg91.com 0.138005018234 0.0469019412994 0.707190990448
www.ymm56.com 0.00629305839539 0.0359179973602 0.605085134506
www.yo9966.com 0.231768846512 0.00754499435425 2.54791593552
www.yokaunion.com 0.0075261592865 0.0554161071777 0.63890504837
www.youguorun.com 0.0871968269348 0.202208042145 2.30968403816
www.youku.com 0.0179240703583 0.00974988937378 0.324311971664
www.yoyojie.com 0.0124251842499 0.00324201583862 1.0166618824
www.ys137.com 0.0131478309631 0.00474405288696 0.544646978378
www.ys7.com 0.00990605354309 0.0377449989319 0.717838764191
www.yuanlai.com 0.00906085968018 0.00575184822083 1.00404500961
www.yuehuawang.com 0.106369972229 0.0864460468292 0.673076868057
www.yunlauncher.com 0.00811791419983 0.0371918678284 0.652649879456
www.yuwangtianxia.com 0.00977897644043 0.0529210567474 1.73451900482
www.ywmob.com 0.00703620910645 0.03449010849 0.647104024887
www.yx93.com 0.00955009460449 0.0767850875854 0.933259963989
www.yxlady.com 0.00730800628662 0.039589881897 0.611272096634
www.yxzoo.com 0.0120589733124 0.0543661117554 1.74942612648
www.yytck.com 0.113910913467 0.163168907166 0.855772018433
www.yzhbabay.com 0.0077691078186 0.229655981064 1.54655194283
www.zaixian-fanyi.com 0.00803089141846 0.0373299121857 0.986061096191
www.zc173.com 0.0091598033905 0.066379070282 1.78574919701
www.zhbuswx.com 0.00699210166931 0.0459640026093 0.620798826218
www.zhicheng.com 0.00978803634644 0.0438189506531 0.749464988708
www.zhihu.com 0.00979590415955 0.0371820926666 0.639127016068
www.zhiwantang.com 0.0137388706207 0.0578870773315 0.649459123611
www.zhuiaa.com 0.00616502761841 0.00620293617249 0.549599170685
www.zhujiangrc.com 0.0065279006958 0.00567507743835 3.53335309029
www.zishengmc.com 0.242155075073 0.344244003296 2.18999385834
www.zj.com 0.00827598571777 0.062301158905 1.09309792519
www.zqdwedu.com 1.21903991699 0.0738320350647 0.712259054184
www.zuche.com 0.00919008255005 0.0560641288757 3.02666592598
www.zuoche.com 0.00631904602051 0.0370290279388 0.677832126617
www.zybang.com 0.00953602790833 0.00677514076233 0.540582895279
www.zzz13.com 0.00992512702942 0.0902099609375 0.705211162567
